# storeTime GMT: 2023-06-25 05:09:47
# day ew pp tile mip offset
176 0 1 1 108.04214002987761 0
176 0 1 2 122.56448509584226 0
176 0 1 3 106.76298458238172 0
176 0 1 4 128.95866490936743 0
176 0 1 5 119.13353003998131 0
176 0 1 6 126.14109862864943 0
176 0 1 7 120.45079302224894 0
176 0 1 8 126.63146349656176 0
176 0 1 9 125.04639636693076 0
176 0 1 10 133.8825617970023 0
176 0 1 11 132.9497738170319 0
176 0 1 12 134.7673262489831 0
176 0 1 13 134.250240965013 0
176 0 1 14 134.23434181692127 0
176 0 1 15 134.3106463381216 0
176 0 1 16 131.66781243267155 0
176 0 1 17 131.44541120255042 0
176 0 1 18 133.27709093449718 0
176 0 1 19 129.35052242900744 0
176 0 1 20 132.5280695903864 0
176 0 1 21 131.46338348346822 0
176 0 1 22 131.62651795666332 0
176 0 1 23 132.19593231353969 0
176 0 1 24 131.3239885264046 0
176 0 1 25 130.45704158190813 0
176 0 1 26 132.18413930616964 0
176 0 1 27 133.48172665789357 0
176 0 1 28 133.0247842451326 0
176 0 1 29 132.95529392497983 0
176 0 1 30 130.80168699767157 0
176 0 1 31 132.5411685079824 0
176 0 2 1 135.2147201935686 0
176 0 2 2 132.4085463669901 0
176 0 2 3 132.6741854770636 0
176 0 2 4 131.21187594764214 0
176 0 2 5 132.51044723266736 0
176 0 2 6 131.07374422667084 0
176 0 2 7 130.82079115726586 0
176 0 2 8 131.06117086226624 0
176 0 2 9 131.62326827257928 0
176 0 2 10 136.29479840336472 0
176 0 2 11 137.58835578135935 0
176 0 2 12 137.07355457504624 0
176 0 2 13 137.49905503152067 0
176 0 2 14 138.00868816050385 0
176 0 2 15 137.41669567549025 0
176 0 2 16 134.86727693378265 0
176 0 2 17 135.74278171110114 0
176 0 2 18 134.7886203428362 0
176 0 2 19 134.08704449381761 0
176 0 2 20 136.66966855302027 0
176 0 2 21 134.0734340373072 0
176 0 2 22 135.79324504786996 0
176 0 2 23 134.13985579009156 0
176 0 2 24 137.26822607637388 0
176 0 2 25 133.18211651868586 0
176 0 2 26 138.851162022743 0
176 0 2 27 134.95733812082796 0
176 0 2 28 137.8056168080739 0
176 0 2 29 132.41059831945628 0
176 0 2 30 135.86624433538012 0
176 0 2 31 133.2014141079371 0
176 0 3 1 131.51565202682562 0
176 0 3 2 128.22733916968122 0
176 0 3 3 129.22181878624468 0
176 0 3 4 131.75261563257683 0
176 0 3 5 131.38134911233922 0
176 0 3 6 132.13136426886442 0
176 0 3 7 128.89659583349055 0
176 0 3 8 130.13564661842761 0
176 0 3 9 130.86587870076787 0
176 0 3 10 137.14780467192085 0
176 0 3 11 139.19860117163415 0
176 0 3 12 137.27686478776093 0
176 0 3 13 136.01405084326723 0
176 0 3 14 136.95851758962527 0
176 0 3 15 136.35942212932366 0
176 0 3 16 137.17042963558944 0
176 0 3 17 137.6847620665332 0
176 0 3 18 135.15857657739426 0
176 0 3 19 135.97299611366174 0
176 0 3 20 132.4141684960473 0
176 0 3 21 135.3397659971744 0
176 0 3 22 136.2756619698727 0
176 0 3 23 135.7392612417134 0
176 0 3 24 136.0980727035423 0
176 0 3 25 136.78567234115476 0
176 0 3 26 136.58408862898298 0
176 0 3 27 138.22955239759833 0
176 0 3 28 137.25041143386125 0
176 0 3 29 134.68703519910332 0
176 0 3 30 133.83359428763106 0
176 0 3 31 134.17290470529318 0
176 0 4 1 138.2600329085911 0
176 0 4 2 130.26989778380064 0
176 0 4 3 132.3140721924417 0
176 0 4 4 131.87368184820448 0
176 0 4 5 134.12886447760275 0
176 0 4 6 131.6824844898116 0
176 0 4 7 133.9312073510657 0
176 0 4 8 133.30134709840584 0
176 0 4 9 130.64198265766464 0
176 0 4 10 138.2314318997213 0
176 0 4 11 138.60474622478304 0
176 0 4 12 139.15221071068856 0
176 0 4 13 136.21867901409237 0
176 0 4 14 140.50803020908336 0
176 0 4 15 137.94019312675127 0
176 0 4 16 137.48096116426646 0
176 0 4 17 136.21948257423884 0
176 0 4 18 137.85125739912738 0
176 0 4 19 137.2747255875244 0
176 0 4 20 136.5961719970493 0
176 0 4 21 135.15364335803216 0
176 0 4 22 136.5396922954993 0
176 0 4 23 135.19518412199537 0
176 0 4 24 139.31859179671082 0
176 0 4 25 135.04029915555478 0
176 0 4 26 136.88497152777225 0
176 0 4 27 134.6142654462345 0
176 0 4 28 137.44176520711562 0
176 0 4 29 135.1050380593338 0
176 0 4 30 136.12325767689012 0
176 0 4 31 134.7872444846735 0
176 0 5 1 131.52217262895627 0
176 0 5 2 134.73607470147144 0
176 0 5 3 132.50846013729566 0
176 0 5 4 133.78959207062823 0
176 0 5 5 130.51650986956741 0
176 0 5 6 133.23968116500328 0
176 0 5 7 129.65207090819555 0
176 0 5 8 131.10261753609018 0
176 0 5 9 130.82232588353492 0
176 0 5 10 130.79847151159746 0
176 0 5 11 134.1886937120062 0
176 0 5 12 137.57596851600786 0
176 0 5 13 132.01400416463804 0
176 0 5 14 129.3202410507106 0
176 0 5 15 132.4341173447073 0
176 0 5 16 131.37046105951416 0
176 0 5 17 134.79756262099468 0
176 0 5 18 132.231855355744 0
176 0 5 19 132.15035782188752 0
176 0 5 20 133.2142606605121 0
176 0 5 21 134.8033616023124 0
176 0 5 22 135.17283336730932 0
176 0 5 23 132.68112964730042 0
176 0 5 24 134.01747667706908 0
176 0 5 25 129.51978416999532 0
176 0 5 26 132.16872085886496 0
176 0 5 27 131.67623851016077 0
176 0 5 28 133.05711177009883 0
176 0 5 29 129.94287480377454 0
176 0 5 30 133.54126592334978 0
176 0 5 31 132.6467255254403 0
176 0 6 1 124.27633241858163 0
176 0 6 2 117.98840861816171 0
176 0 6 3 123.1507854227031 0
176 0 6 4 130.7256090664981 0
176 0 6 5 123.2983922127309 0
176 0 6 6 130.7552756347256 0
176 0 6 7 131.7272948296306 0
176 0 6 8 131.37596375410743 0
176 0 6 9 130.19844250999122 0
176 0 6 10 132.12372784883166 0
176 0 6 11 134.47689499212612 0
176 0 6 12 135.70034717662872 0
176 0 6 13 135.95658765583275 0
176 0 6 14 135.809711941752 0
176 0 6 15 139.247034794278 0
176 0 6 16 135.0283042140314 0
176 0 6 17 136.07502341321145 0
176 0 6 18 134.6543195595563 0
176 0 6 19 131.97036826978828 0
176 0 6 20 136.48002338822056 0
176 0 6 21 134.69595587715222 0
176 0 6 22 139.13496608784175 0
176 0 6 23 134.67044468906386 0
176 0 6 24 133.73034394811108 0
176 0 6 25 132.44747141056928 0
176 0 6 26 132.4576758840762 0
176 0 6 27 129.56098821719849 0
176 0 6 28 135.8490667220139 0
176 0 6 29 131.69764579571094 0
176 0 6 30 130.5227918792555 0
176 0 6 31 133.200795438196 0
176 0 7 1 129.16314628487672 0
176 0 7 2 129.43503238219162 0
176 0 7 3 128.80433208817956 0
176 0 7 4 131.42842599021495 0
176 0 7 5 129.75597588422207 0
176 0 7 6 130.84665641529992 0
176 0 7 7 130.11899790145802 0
176 0 7 8 133.22423821224908 0
176 0 7 9 129.43333192877407 0
176 0 7 10 136.01466379506178 0
176 0 7 11 137.71289352269878 0
176 0 7 12 134.35223449722187 0
176 0 7 13 135.79318411421713 0
176 0 7 14 138.94031183829895 0
176 0 7 15 135.6956633091446 0
176 0 7 16 137.1434319791564 0
176 0 7 17 135.39256680903463 0
176 0 7 18 136.8530175961399 0
176 0 7 19 135.98631835151394 0
176 0 7 20 137.57344818065704 0
176 0 7 21 135.78363721582184 0
176 0 7 22 138.54980479324504 0
176 0 7 23 135.8126747276555 0
176 0 7 24 134.5107114266463 0
176 0 7 25 131.06235065919708 0
176 0 7 26 135.86847844131367 0
176 0 7 27 134.36299963142275 0
176 0 7 28 137.5122743333253 0
176 0 7 29 135.17651730929893 0
176 0 7 30 136.61443371646783 0
176 0 7 31 129.66458798091278 0
176 0 8 1 134.21630428541908 0
176 0 8 2 128.26284937246746 0
176 0 8 3 133.58522305294 0
176 0 8 4 130.45380891457143 0
176 0 8 5 130.4097915613849 0
176 0 8 6 130.6483686354541 0
176 0 8 7 134.09225034392117 0
176 0 8 8 131.87991809480755 0
176 0 8 9 132.04411110829838 0
176 0 8 10 141.35082500557573 0
176 0 8 11 139.9355423081677 0
176 0 8 12 140.97155625914402 0
176 0 8 13 138.63318359501184 0
176 0 8 14 140.2845559857933 0
176 0 8 15 140.5855855260716 0
176 0 8 16 140.97063864222704 0
176 0 8 17 137.81079059675614 0
176 0 8 18 138.60011044440898 0
176 0 8 19 135.92629726851177 0
176 0 8 20 139.8095732608724 0
176 0 8 21 137.50033535076244 0
176 0 8 22 141.1461810948564 0
176 0 8 23 136.60825653876907 0
176 0 8 24 135.85669416499212 0
176 0 8 25 133.3673354421585 0
176 0 8 26 135.2899803339633 0
176 0 8 27 134.49556570202552 0
176 0 8 28 133.04537824146084 0
176 0 8 29 134.45048111251486 0
176 0 8 30 134.63391037261655 0
176 0 8 31 131.17222341802915 0
176 0 9 1 134.12143633736966 0
176 0 9 2 131.0528535901653 0
176 0 9 3 131.29111637701953 0
176 0 9 4 130.16185977196514 0
176 0 9 5 131.23214274014535 0
176 0 9 6 128.29876866876725 0
176 0 9 7 131.00078873058095 0
176 0 9 8 127.39300533463017 0
176 0 9 9 131.14021728088974 0
176 0 9 10 135.00772459697345 0
176 0 9 11 135.383745913621 0
176 0 9 12 135.68092433092022 0
176 0 9 13 134.82075426000955 0
176 0 9 14 139.97546167549635 0
176 0 9 15 135.7100082495887 0
176 0 9 16 137.7665282804906 0
176 0 9 17 137.40163541967397 0
176 0 9 18 138.7385347809791 0
176 0 9 19 135.3655670808754 0
176 0 9 20 137.3392675728325 0
176 0 9 21 140.38295229827187 0
176 0 9 22 140.77325141516832 0
176 0 9 23 137.28639724860173 0
176 0 9 24 133.84719058460033 0
176 0 9 25 132.764089270117 0
176 0 9 26 136.61164502218654 0
176 0 9 27 135.44540351231882 0
176 0 9 28 133.6023145214757 0
176 0 9 29 134.86829593008224 0
176 0 9 30 139.1508472907979 0
176 0 9 31 133.38525679358082 0
176 0 10 1 131.59674604082005 0
176 0 10 2 131.80993726463143 0
176 0 10 3 129.077566206747 0
176 0 10 4 129.89291393867813 0
176 0 10 5 129.18352458638654 0
176 0 10 6 129.6270831738675 0
176 0 10 7 129.99028625449094 0
176 0 10 8 132.70990917227007 0
176 0 10 9 134.4522815560232 0
176 0 10 10 139.5915450751279 0
176 0 10 11 140.23274329740073 0
176 0 10 12 139.1679101138136 0
176 0 10 13 139.35828102552588 0
176 0 10 14 139.4052698324269 0
176 0 10 15 137.55624064433306 0
176 0 10 16 141.95753812438966 0
176 0 10 17 141.375966040296 0
176 0 10 18 139.44562436497776 0
176 0 10 19 139.5424243841661 0
176 0 10 20 139.4987736538585 0
176 0 10 21 140.93308215864957 0
176 0 10 22 140.18229885081607 0
176 0 10 23 141.34993873259202 0
176 0 10 24 134.57162408428707 0
176 0 10 25 136.0527585124669 0
176 0 10 26 135.81233804542308 0
176 0 10 27 138.4490608500991 0
176 0 10 28 130.36634151982474 0
176 0 10 29 136.45347544260008 0
176 0 10 30 137.95759000348838 0
176 0 10 31 134.06574431923661 0
176 0 11 1 130.82996041246875 0
176 0 11 2 127.82222853604424 0
176 0 11 3 134.20553761268076 0
176 0 11 4 131.97474250551355 0
176 0 11 5 132.08892042042984 0
176 0 11 6 133.24032571683819 0
176 0 11 7 131.0350385118532 0
176 0 11 8 128.67806204040434 0
176 0 11 9 131.3094438197594 0
176 0 11 10 134.49731797865698 0
176 0 11 11 135.66702579774451 0
176 0 11 12 138.0199748592703 0
176 0 11 13 135.30786069917343 0
176 0 11 14 132.47516374282648 0
176 0 11 15 134.71468644030335 0
176 0 11 16 137.1845380645402 0
176 0 11 17 132.60195191818485 0
176 0 11 18 132.80104816561462 0
176 0 11 19 131.72383159426656 0
176 0 11 20 135.49335736186046 0
176 0 11 21 131.79521047629686 0
176 0 11 22 134.03167007658823 0
176 0 11 23 131.94329452662916 0
176 0 11 24 136.5307627219656 0
176 0 11 25 133.9658379494035 0
176 0 11 26 136.40425097392927 0
176 0 11 27 134.53317782971263 0
176 0 11 28 135.87593082559152 0
176 0 11 29 132.82317222626284 0
176 0 11 30 136.1485575222821 0
176 0 11 31 132.805572661267 0
176 0 12 1 136.4130399405762 0
176 0 12 2 127.93116850382661 0
176 0 12 3 127.42378043324395 0
176 0 12 4 132.41057694715536 0
176 0 12 5 133.31050958034726 0
176 0 12 6 131.94000141094148 0
176 0 12 7 130.20360431821177 0
176 0 12 8 133.55895226991893 0
176 0 12 9 133.9167328591144 0
176 0 12 10 136.5177626254379 0
176 0 12 11 136.78039470205954 0
176 0 12 12 136.25058500419414 0
176 0 12 13 135.78010577024756 0
176 0 12 14 134.14018910475718 0
176 0 12 15 137.32086328053546 0
176 0 12 16 139.64646090368603 0
176 0 12 17 135.83335241205174 0
176 0 12 18 136.63686377750568 0
176 0 12 19 136.92838034259566 0
176 0 12 20 136.8301086901664 0
176 0 12 21 137.33723145985905 0
176 0 12 22 133.4270248238005 0
176 0 12 23 136.337651677504 0
176 0 12 24 138.5534233957777 0
176 0 12 25 135.04720525360685 0
176 0 12 26 136.78283244513466 0
176 0 12 27 135.34023324845037 0
176 0 12 28 136.7943756909697 0
176 0 12 29 136.43794422355145 0
176 0 12 30 136.34462380339104 0
176 0 12 31 136.54890890930108 0
176 1 1 1 131.74227821581013 0
176 1 1 2 128.9534482734006 0
176 1 1 3 131.26485385837606 0
176 1 1 4 130.32217617766523 0
176 1 1 5 130.69613381890332 0
176 1 1 6 0 0
176 1 1 7 136.59273129896619 0
176 1 1 8 133.22106996771373 0
176 1 1 9 133.11862853403747 0
176 1 1 10 134.72297010566658 0
176 1 1 11 134.13591045568774 0
176 1 1 12 133.5036168232605 0
176 1 1 13 134.50151652450043 0
176 1 1 14 133.78469522130237 0
176 1 1 15 135.27599146403648 0
176 1 1 16 132.92267004201247 0
176 1 1 17 130.48584481304133 0
176 1 1 18 133.74182780118855 0
176 1 1 19 133.50361964685317 0
176 1 1 20 133.52938256144327 0
176 1 1 21 129.90720555450764 0
176 1 1 22 134.1625415818297 0
176 1 1 23 133.36040036424544 0
176 1 1 24 138.33443451501668 0
176 1 1 25 134.61136056508988 0
176 1 1 26 135.2450900550216 0
176 1 1 27 137.37558471213487 0
176 1 1 28 137.0784347850466 0
176 1 1 29 135.24020287957447 0
176 1 1 30 135.53340269170604 0
176 1 1 31 135.13125779001393 0
176 1 2 1 132.46007908348577 0
176 1 2 2 130.46802589438045 0
176 1 2 3 131.55628427015597 0
176 1 2 4 133.37905514130074 0
176 1 2 5 135.1908735519089 0
176 1 2 6 134.4323092294913 0
176 1 2 7 135.48706706691502 0
176 1 2 8 134.86118194929244 0
176 1 2 9 137.7819301759149 0
176 1 2 10 0 0
176 1 2 11 136.02405667521626 0
176 1 2 12 131.52943222747606 0
176 1 2 13 131.873605101499 0
176 1 2 14 131.76920890923986 0
176 1 2 15 129.9180357691559 0
176 1 2 16 131.08013594858883 0
176 1 2 17 133.0294454021869 0
176 1 2 18 132.67600296867369 0
176 1 2 19 131.32453821309858 0
176 1 2 20 135.17841938616172 0
176 1 2 21 132.59096481599215 0
176 1 2 22 133.60885974843725 0
176 1 2 23 131.4878517235039 0
176 1 2 24 136.0457747720647 0
176 1 2 25 131.68767534320546 0
176 1 2 26 134.57119766262218 0
176 1 2 27 133.30228331651676 0
176 1 2 28 132.96881889454895 0
176 1 2 29 134.23962084109795 0
176 1 2 30 133.85844666518182 0
176 1 2 31 134.6237987872319 0
176 1 3 1 121.98602303008084 0
176 1 3 2 131.94959886828298 0
176 1 3 3 131.21798219682768 0
176 1 3 4 131.864976957358 0
176 1 3 5 132.64828405444064 0
176 1 3 6 135.70598384455343 0
176 1 3 7 132.51388192526338 0
176 1 3 8 134.25445356521504 0
176 1 3 9 131.7682047508766 0
176 1 3 10 132.17308605672915 0
176 1 3 11 130.6950321727736 0
176 1 3 12 135.14858299482475 0
176 1 3 13 130.76779023738317 0
176 1 3 14 133.02481324849902 0
176 1 3 15 132.36193449755407 0
176 1 3 16 132.01722784844853 0
176 1 3 17 131.310197411831 0
176 1 3 18 133.08401145572495 0
176 1 3 19 130.5379114466563 0
176 1 3 20 133.6224392649615 0
176 1 3 21 134.27933591254111 0
176 1 3 22 132.66241790328465 0
176 1 3 23 130.30387940045236 0
176 1 3 24 130.01295621765092 0
176 1 3 25 132.9973629044995 0
176 1 3 26 135.32773391501894 0
176 1 3 27 131.92916631280562 0
176 1 3 28 133.44620854222939 0
176 1 3 29 136.6989053764476 0
176 1 3 30 133.4893380015229 0
176 1 3 31 133.33599713634035 0
176 1 4 1 136.03496249038102 0
176 1 4 2 129.1773255295791 0
176 1 4 3 133.11526406133365 0
176 1 4 4 134.1140003371182 0
176 1 4 5 135.3968143502384 0
176 1 4 6 138.06666219435863 0
176 1 4 7 138.83209118701345 0
176 1 4 8 138.35553660803677 0
176 1 4 9 138.9490718616777 0
176 1 4 10 133.62912288895745 0
176 1 4 11 133.92676544152883 0
176 1 4 12 133.79701739880207 0
176 1 4 13 133.08205573352322 0
176 1 4 14 133.7430275404074 0
176 1 4 15 133.15915817683225 0
176 1 4 16 137.97006980337537 0
176 1 4 17 138.5313395493286 0
176 1 4 18 137.47857312941187 0
176 1 4 19 137.17164337858156 0
176 1 4 20 137.7094446590134 0
176 1 4 21 140.73013765431534 0
176 1 4 22 135.708439710358 0
176 1 4 23 139.4063197808277 0
176 1 4 24 136.0270241473626 0
176 1 4 25 136.50809156912376 0
176 1 4 26 136.4883630749919 0
176 1 4 27 136.56697099521045 0
176 1 4 28 138.20430197834293 0
176 1 4 29 142.15135027892057 0
176 1 4 30 137.73187621916907 0
176 1 4 31 135.5858440930826 0
176 1 5 1 130.59877576901548 0
176 1 5 2 128.73837066131097 0
176 1 5 3 127.60221727456569 0
176 1 5 4 130.2464889194283 0
176 1 5 5 132.57365934442953 0
176 1 5 6 129.668771683263 0
176 1 5 7 129.5111075844742 0
176 1 5 8 130.89406484009723 0
176 1 5 9 134.1362291763886 0
176 1 5 10 128.476378887953 0
176 1 5 11 135.03783584529768 0
176 1 5 12 132.43951468564183 0
176 1 5 13 131.85781326442964 0
176 1 5 14 134.55470710644042 0
176 1 5 15 131.21004094005306 0
176 1 5 16 133.98065107648603 0
176 1 5 17 132.28967585424252 0
176 1 5 18 133.53675255397422 0
176 1 5 19 135.6326311581088 0
176 1 5 20 134.28222180654453 0
176 1 5 21 132.85221499595414 0
176 1 5 22 135.9917612331163 0
176 1 5 23 130.24772564356547 0
176 1 5 24 133.65259647826323 0
176 1 5 25 134.76839791311068 0
176 1 5 26 134.0460106323396 0
176 1 5 27 134.36974878659242 0
176 1 5 28 135.1454960200606 0
176 1 5 29 132.49838791607905 0
176 1 5 30 134.654831123459 0
176 1 5 31 132.48052631186687 0
176 1 6 1 100.68006865237724 0
176 1 6 2 131.15670267662082 0
176 1 6 3 133.33717214857103 0
176 1 6 4 135.32179871083585 0
176 1 6 5 134.87823573617015 0
176 1 6 6 132.03256582031418 0
176 1 6 7 133.83621761160316 0
176 1 6 8 131.71049630057473 0
176 1 6 9 133.07836292560992 0
176 1 6 10 132.53967396174926 0
176 1 6 11 135.90230800272602 0
176 1 6 12 134.88795054103014 0
176 1 6 13 133.39792438729103 0
176 1 6 14 134.4134636941889 0
176 1 6 15 134.12085923095435 0
176 1 6 16 129.6589040506301 0
176 1 6 17 130.28768120825765 0
176 1 6 18 132.53665132317556 0
176 1 6 19 135.25457739788553 0
176 1 6 20 134.93674193365362 0
176 1 6 21 136.14315933423043 0
176 1 6 22 134.9883611896012 0
176 1 6 23 132.48436734547673 0
176 1 6 24 135.76823513359003 0
176 1 6 25 133.1058034988361 0
176 1 6 26 134.54728153401842 0
176 1 6 27 135.14751749772762 0
176 1 6 28 134.4556343963827 0
176 1 6 29 132.99200178372496 0
176 1 6 30 135.88571328383995 0
176 1 6 31 133.74675173841825 0
176 1 7 1 131.6313855040854 0
176 1 7 2 130.7577816920192 0
176 1 7 3 130.4614738178231 0
176 1 7 4 130.93891698485228 0
176 1 7 5 133.8401408042247 0
176 1 7 6 129.31503560009435 0
176 1 7 7 128.70474812759986 0
176 1 7 8 128.7552325620297 0
176 1 7 9 129.28692948315006 0
176 1 7 10 134.45073526521554 0
176 1 7 11 134.9419009720533 0
176 1 7 12 133.68588064285805 0
176 1 7 13 135.20336919890804 0
176 1 7 14 129.5411463841977 0
176 1 7 15 134.174076498298 0
176 1 7 16 130.5751910493687 0
176 1 7 17 135.36139294132593 0
176 1 7 18 129.8062472532232 0
176 1 7 19 135.68471127618966 0
176 1 7 20 135.09842139879447 0
176 1 7 21 134.08369885872702 0
176 1 7 22 133.55236514868142 0
176 1 7 23 135.3420644088029 0
176 1 7 24 134.78659616365982 0
176 1 7 25 136.5725418217774 0
176 1 7 26 132.2538216185524 0
176 1 7 27 134.09299382670605 0
176 1 7 28 133.16419125807823 0
176 1 7 29 134.0440757201267 0
176 1 7 30 134.86621617885567 0
176 1 7 31 134.65216506058536 0
176 1 8 1 133.95412153100855 0
176 1 8 2 131.0526722425012 0
176 1 8 3 119.63328054211277 0
176 1 8 4 129.44950855839107 0
176 1 8 5 131.96254399530312 0
176 1 8 6 130.02727863657296 0
176 1 8 7 130.12624474813512 0
176 1 8 8 129.84415114728347 0
176 1 8 9 130.53628249783446 0
176 1 8 10 131.66920788897062 0
176 1 8 11 134.92804463894382 0
176 1 8 12 131.81674191003543 0
176 1 8 13 133.71877795098135 0
176 1 8 14 132.13569093296854 0
176 1 8 15 134.3177219085732 0
176 1 8 16 134.10336721862356 0
176 1 8 17 136.1810145293695 0
176 1 8 18 134.19714755744812 0
176 1 8 19 132.94510392493692 0
176 1 8 20 135.45474074050873 0
176 1 8 21 133.75524688248186 0
176 1 8 22 135.13934271735738 0
176 1 8 23 136.31067384978562 0
176 1 8 24 130.31183637305202 0
176 1 8 25 125.45186846484769 0
176 1 8 26 133.12393569650783 0
176 1 8 27 134.93830001420247 0
176 1 8 28 134.5553450092125 0
176 1 8 29 134.61433016925167 0
176 1 8 30 132.6194237079491 0
176 1 8 31 132.0580362162605 0
176 1 9 1 130.30837427178454 0
176 1 9 2 129.20476459437688 0
176 1 9 3 130.44585986109283 0
176 1 9 4 130.2154624616344 0
176 1 9 5 130.53238077184557 0
176 1 9 6 127.24245921554763 0
176 1 9 7 127.84927529604211 0
176 1 9 8 129.0791833019163 0
176 1 9 9 129.95087481060816 0
176 1 9 10 132.1942197247789 0
176 1 9 11 130.3160091442223 0
176 1 9 12 129.47080910759695 0
176 1 9 13 128.1596512186447 0
176 1 9 14 132.88493947267173 0
176 1 9 15 130.5120282945079 0
176 1 9 16 134.35755492140885 0
176 1 9 17 129.62434762605258 0
176 1 9 18 132.30395406135995 0
176 1 9 19 129.70756625178586 0
176 1 9 20 129.96316281318585 0
176 1 9 21 128.06486538499126 0
176 1 9 22 131.2290891482429 0
176 1 9 23 127.88581755826172 0
176 1 9 24 127.32925085226293 0
176 1 9 25 127.84528693865921 0
176 1 9 26 134.58228704472336 0
176 1 9 27 134.68729629911263 0
176 1 9 28 137.18260831110797 0
176 1 9 29 134.52355838771837 0
176 1 9 30 134.49471298873388 0
176 1 9 31 132.62337799568607 0
176 1 10 1 133.55781802389762 0
176 1 10 2 131.32983001788463 0
176 1 10 3 129.71148863571335 0
176 1 10 4 132.5291494701715 0
176 1 10 5 131.9416804047574 0
176 1 10 6 131.44486229421045 0
176 1 10 7 129.64836992053785 0
176 1 10 8 130.78981185806185 0
176 1 10 9 130.3165666482615 0
176 1 10 10 135.6248558260353 0
176 1 10 11 131.5531407920499 0
176 1 10 12 134.31543761538106 0
176 1 10 13 126.80220041524144 0
176 1 10 14 132.18796026438608 0
176 1 10 15 132.83271455313218 0
176 1 10 16 133.65798367347523 0
176 1 10 17 133.55800136474798 0
176 1 10 18 133.26266474607309 0
176 1 10 19 132.30207818831047 0
176 1 10 20 134.44123184593286 0
176 1 10 21 131.5474021618036 0
176 1 10 22 133.27010139171665 0
176 1 10 23 135.3642685181061 0
176 1 10 24 136.0341849308542 0
176 1 10 25 136.17556789608548 0
176 1 10 26 129.29899745720718 0
176 1 10 27 138.48265378703908 0
176 1 10 28 135.4799512722887 0
176 1 10 29 133.7468810253063 0
176 1 10 30 134.91482651343415 0
176 1 10 31 135.4820969196853 0
176 1 11 1 132.86365755514333 0
176 1 11 2 131.24464942583307 0
176 1 11 3 129.46907583848886 0
176 1 11 4 130.54881909004047 0
176 1 11 5 132.58718094938627 0
176 1 11 6 129.5089157894977 0
176 1 11 7 128.59007768427992 0
176 1 11 8 130.48227905693855 0
176 1 11 9 129.60489863008408 0
176 1 11 10 134.60171266651767 0
176 1 11 11 133.3001090543396 0
176 1 11 12 132.20320009318613 0
176 1 11 13 133.63407806125812 0
176 1 11 14 135.1426771942085 0
176 1 11 15 134.54931848187695 0
176 1 11 16 134.9729158932821 0
176 1 11 17 136.8711750030438 0
176 1 11 18 136.2847626895344 0
176 1 11 19 135.17770895067656 0
176 1 11 20 136.36401268763655 0
176 1 11 21 135.46976360862803 0
176 1 11 22 137.1098022968173 0
176 1 11 23 136.17534884448395 0
176 1 11 24 137.1198638939913 0
176 1 11 25 132.92782583911355 0
176 1 11 26 136.50990192451093 0
176 1 11 27 135.46826680355187 0
176 1 11 28 135.76296927318845 0
176 1 11 29 133.09128792651617 0
176 1 11 30 135.71204834359824 0
176 1 11 31 134.56427108404617 0
176 1 12 1 128.59261556227563 0
176 1 12 2 129.04115262495273 0
176 1 12 3 127.17266284480165 0
176 1 12 4 129.63487678057376 0
176 1 12 5 128.01489751714863 0
176 1 12 6 132.04476139162904 0
176 1 12 7 129.01488476647046 0
176 1 12 8 130.37032934468618 0
176 1 12 9 128.7720074187032 0
176 1 12 10 131.55529282175274 0
176 1 12 11 127.98996387780059 0
176 1 12 12 132.7033771573822 0
176 1 12 13 127.85265777311638 0
176 1 12 14 131.83457436394878 0
176 1 12 15 133.0942998853375 0
176 1 12 16 132.27017915203803 0
176 1 12 17 131.87968051941033 0
176 1 12 18 133.76537359616282 0
176 1 12 19 133.4046293448616 0
176 1 12 20 134.0275377707009 0
176 1 12 21 133.47218622528436 0
176 1 12 22 133.7453208327978 0
176 1 12 23 129.29823372781075 0
176 1 12 24 132.18741033142305 0
176 1 12 25 133.28224343733075 0
176 1 12 26 132.24518912437395 0
176 1 12 27 132.88461435978368 0
176 1 12 28 133.52193065355598 0
176 1 12 29 130.70694684790834 0
176 1 12 30 133.04356432209897 0
176 1 12 31 130.47850467718104 0
